{
  "cells": [
    {
      "cell_type": "markdown",
      "metadata": {
        "id": "view-in-github",
        "colab_type": "text"
      },
      "source": [
        "<a href=\"https://colab.research.google.com/github/chrishamblin7/dimensionality_reduction_and_superposition/blob/main/latent_data_generation.ipynb\" target=\"_parent\"><img src=\"https://colab.research.google.com/assets/colab-badge.svg\" alt=\"Open In Colab\"/></a>"
      ]
    },
    {
      "cell_type": "markdown",
      "source": [
        "# Generate Latent Data in 'Superposition'\n",
        "\n",
        "This notebook includes code adopted to perform experiments from the 'Toy models of Superposition paper'. Given simulated data with known 'real' features, we will create embeddings of those features in a lower dimensional space such that read out of the original features can be performed with minimal error.\n",
        "\n",
        "This notebook is designed to run in Google Colab's Python 3.7 environment."
      ],
      "metadata": {
        "id": "SifuSeuwi6nj"
      }
    },
    {
      "cell_type": "code",
      "execution_count": 2,
      "metadata": {
        "colab": {
          "base_uri": "https://localhost:8080/"
        },
        "id": "yfHPSGevYsdo",
        "outputId": "6a54908e-8a6e-4f12-cff9-5188a1eff600"
      },
      "outputs": [
        {
          "output_type": "stream",
          "name": "stdout",
          "text": [
            "Looking in indexes: https://pypi.org/simple, https://us-python.pkg.dev/colab-wheels/public/simple/\n",
            "Collecting einops\n",
            "  Downloading einops-0.5.0-py3-none-any.whl (36 kB)\n",
            "Installing collected packages: einops\n",
            "Successfully installed einops-0.5.0\n"
          ]
        }
      ],
      "source": [
        "!pip install einops"
      ]
    },
    {
      "cell_type": "code",
      "execution_count": 3,
      "metadata": {
        "id": "wRLgezMAZbtY"
      },
      "outputs": [],
      "source": [
        "import torch\n",
        "from torch import nn\n",
        "from torch.nn import functional as F\n",
        "\n",
        "from typing import Optional\n",
        "\n",
        "from dataclasses import dataclass, replace\n",
        "import numpy as np\n",
        "import einops\n",
        "\n",
        "from tqdm.notebook import trange\n",
        "\n",
        "import time\n",
        "import pandas as pd\n",
        "\n",
        "import plotly.express as px\n",
        "import plotly.graph_objects as go\n",
        "from plotly.subplots import make_subplots\n",
        "\n",
        "import matplotlib.pyplot as plt\n",
        "\n",
        "from google.colab import files"
      ]
    },
    {
      "cell_type": "code",
      "execution_count": 4,
      "metadata": {
        "id": "upSmPXMrZct4"
      },
      "outputs": [],
      "source": [
        "@dataclass\n",
        "class Config:\n",
        "  n_features: int\n",
        "  n_hidden: int\n",
        "\n",
        "  # We optimize n_instances models in a single training loop\n",
        "  # to let us sweep over sparsity or importance curves \n",
        "  # efficiently.\n",
        "\n",
        "  # We could potentially use torch.vmap instead.\n",
        "  n_instances: int\n",
        " \n",
        "class Model(nn.Module):\n",
        "  def __init__(self, \n",
        "               config, \n",
        "               feature_probability: Optional[torch.Tensor] = None,\n",
        "               importance: Optional[torch.Tensor] = None,               \n",
        "               device='cuda'):\n",
        "    super().__init__()\n",
        "    self.config = config\n",
        "    self.W = nn.Parameter(torch.empty((config.n_instances, config.n_features, config.n_hidden), device=device))\n",
        "    nn.init.xavier_normal_(self.W)\n",
        "    self.b_final = nn.Parameter(torch.zeros((config.n_instances, config.n_features), device=device))\n",
        "\n",
        "    if feature_probability is None:\n",
        "      feature_probability = torch.ones(())\n",
        "    self.feature_probability = feature_probability.to(device)\n",
        "    if importance is None:\n",
        "      importance = torch.ones(())\n",
        "    self.importance = importance.to(device)\n",
        "\n",
        "  def forward(self, features):\n",
        "    # features: [..., instance, n_features]\n",
        "    # W: [instance, n_features, n_hidden]\n",
        "    hidden = torch.einsum(\"...if,ifh->...ih\", features, self.W)\n",
        "    out = torch.einsum(\"...ih,ifh->...if\", hidden, self.W)\n",
        "    out = out + self.b_final\n",
        "    out = F.relu(out)\n",
        "    return out\n",
        "\n",
        "  def generate_batch(self, n_batch):\n",
        "    feat = torch.rand((n_batch, self.config.n_instances, self.config.n_features), device=self.W.device)\n",
        "    batch = torch.where(\n",
        "        torch.rand((n_batch, self.config.n_instances, self.config.n_features), device=self.W.device) <= self.feature_probability,\n",
        "        feat,\n",
        "        torch.zeros((), device=self.W.device),\n",
        "    )\n",
        "    return batch"
      ]
    },
    {
      "cell_type": "code",
      "execution_count": 5,
      "metadata": {
        "id": "2Ey4ApHYb9oY"
      },
      "outputs": [],
      "source": [
        "def linear_lr(step, steps):\n",
        "  return (1 - (step / steps))\n",
        "\n",
        "def constant_lr(*_):\n",
        "  return 1.0\n",
        "\n",
        "def cosine_decay_lr(step, steps):\n",
        "  return np.cos(0.5 * np.pi * step / (steps - 1))\n",
        "\n",
        "def optimize(model, \n",
        "             render=False, \n",
        "             n_batch=1024,\n",
        "             steps=10_000,\n",
        "             print_freq=100,\n",
        "             lr=1e-3,\n",
        "             lr_scale=constant_lr,\n",
        "             hooks=[]):\n",
        "  cfg = model.config\n",
        "\n",
        "  opt = torch.optim.AdamW(list(model.parameters()), lr=lr)\n",
        "\n",
        "  start = time.time()\n",
        "  with trange(steps) as t:\n",
        "    for step in t:\n",
        "      step_lr = lr * lr_scale(step, steps)\n",
        "      for group in opt.param_groups:\n",
        "        group['lr'] = step_lr\n",
        "      opt.zero_grad(set_to_none=True)\n",
        "      batch = model.generate_batch(n_batch)\n",
        "      out = model(batch)\n",
        "      error = (model.importance*(batch.abs() - out)**2)\n",
        "      loss = einops.reduce(error, 'b i f -> i', 'mean').sum()\n",
        "      loss.backward()\n",
        "      opt.step()\n",
        "    \n",
        "      if hooks:\n",
        "        hook_data = dict(model=model,\n",
        "                         step=step, \n",
        "                         opt=opt,\n",
        "                         error=error,\n",
        "                         loss=loss,\n",
        "                         lr=step_lr)\n",
        "        for h in hooks:\n",
        "          h(hook_data)\n",
        "      if step % print_freq == 0 or (step + 1 == steps):\n",
        "        t.set_postfix(\n",
        "            loss=loss.item() / cfg.n_instances,\n",
        "            lr=step_lr,\n",
        "        )"
      ]
    },
    {
      "cell_type": "code",
      "execution_count": 6,
      "metadata": {
        "id": "UsIgAC56dWMk"
      },
      "outputs": [],
      "source": [
        "if torch.cuda.is_available():\n",
        "  DEVICE = 'cuda'\n",
        "else:\n",
        "  DEVICE = 'cpu'"
      ]
    },
    {
      "cell_type": "markdown",
      "source": [
        "## Generate data\n",
        "\n",
        "We will optimize the relu encoder/ decoder model, then pull the weights of\n",
        "the encoder to get the projection of N features into M (M<N) dimensions\n",
        "at different sparsities"
      ],
      "metadata": {
        "id": "QpshP3ppjsIg"
      }
    },
    {
      "cell_type": "code",
      "source": [
        "n_features = 60 #number of original orthogonal features\n",
        "n_instances = 6 #number of sparsities (linearly spaced between 1 and .05)\n",
        "n_hiddens = [3,5,10,20,30,40] #number of compressed features, well test a range of values here\n",
        "\n",
        "\n",
        "importance_sweep = True"
      ],
      "metadata": {
        "id": "4pk1sDgBEy_K"
      },
      "execution_count": 35,
      "outputs": []
    },
    {
      "cell_type": "code",
      "source": [
        "importance = (0.9**torch.arange(n_features))[None, :] \n",
        "print(importance)\n"
      ],
      "metadata": {
        "id": "oRrvJAEAzLl1",
        "outputId": "35242265-adba-4839-ad1f-10b06b0452e3",
        "colab": {
          "base_uri": "https://localhost:8080/"
        }
      },
      "execution_count": 36,
      "outputs": [
        {
          "output_type": "stream",
          "name": "stdout",
          "text": [
            "tensor([[1.0000, 0.9000, 0.8100, 0.7290, 0.6561, 0.5905, 0.5314, 0.4783, 0.4305,\n",
            "         0.3874, 0.3487, 0.3138, 0.2824, 0.2542, 0.2288, 0.2059, 0.1853, 0.1668,\n",
            "         0.1501, 0.1351, 0.1216, 0.1094, 0.0985, 0.0886, 0.0798, 0.0718, 0.0646,\n",
            "         0.0581, 0.0523, 0.0471, 0.0424, 0.0382, 0.0343, 0.0309, 0.0278, 0.0250,\n",
            "         0.0225, 0.0203, 0.0182, 0.0164, 0.0148, 0.0133, 0.0120, 0.0108, 0.0097,\n",
            "         0.0087, 0.0079, 0.0071, 0.0064, 0.0057, 0.0052, 0.0046, 0.0042, 0.0038,\n",
            "         0.0034, 0.0030, 0.0027, 0.0025, 0.0022, 0.0020]])\n"
          ]
        }
      ]
    },
    {
      "cell_type": "code",
      "source": [
        "if importance_sweep:\n",
        "  importance = (0.9**torch.arange(n_features))[None, :]  \n",
        "  imp_name = 'withimportance'\n",
        "else:\n",
        "  importance = torch.ones(n_features)[None,:]\n",
        "  imp_name = ''\n",
        "\n",
        "\n",
        "\n",
        "for n_hidden in n_hiddens:\n",
        "  print(n_hidden)\n",
        "\n",
        "  config = Config(\n",
        "      n_features = n_features,\n",
        "      n_hidden = n_hidden,\n",
        "      n_instances = n_instances,\n",
        "  )\n",
        "\n",
        "  model = Model(\n",
        "      config=config,\n",
        "      device=DEVICE,\n",
        "      # Exponential feature importance curve from 1 to 1/100\n",
        "      importance = importance,\n",
        "      # Sweep feature frequency across the instances from 1 (fully dense) to 1/50\n",
        "      feature_probability = (20 ** -torch.linspace(0, 1, n_instances))[:, None]\n",
        "  )\n",
        "\n",
        "  optimize(model)\n",
        "\n",
        "  WA = model.W.detach()\n",
        "\n",
        "  outname = str(n_features)+'to'+str(n_hidden)+'_'+imp_name+'.npy'\n",
        "\n",
        "  np.save(outname,WA.detach().cpu().numpy())\n",
        "\n",
        "  files.download(outname) #download data to googledrive\n"
      ],
      "metadata": {
        "id": "crVhVxhIj5pK",
        "colab": {
          "base_uri": "https://localhost:8080/",
          "height": 67,
          "referenced_widgets": [
            "8e34e65adc0948088f94cd55717d29b9",
            "577ce92b671d4af8be4dc654bbeef7e9",
            "ed16d0efd4f242e89c31921361c0a2c0",
            "7a08cc71c55d492fbbe47c03b216f5ed",
            "fec837396e82430cbb4b41ef48deb950",
            "6eb88407d0524831b7ddd959b5e63a25",
            "891f0a2455f14993a462be3fffe8b27f",
            "dc63e3b127bf4e009d510a0c9727b128",
            "c85cc78e61db4e1094fa8d70b8157380",
            "56666bdf23964333b997a9f462d20488",
            "20a9db816fde4fd9b9c1d079925b6a63"
          ]
        },
        "outputId": "c7ffd06d-9337-4131-f134-3e502e396b04"
      },
      "execution_count": 37,
      "outputs": [
        {
          "output_type": "stream",
          "name": "stdout",
          "text": [
            "3\n"
          ]
        },
        {
          "output_type": "display_data",
          "data": {
            "text/plain": [
              "  0%|          | 0/10000 [00:00<?, ?it/s]"
            ],
            "application/vnd.jupyter.widget-view+json": {
              "version_major": 2,
              "version_minor": 0,
              "model_id": "8e34e65adc0948088f94cd55717d29b9"
            }
          },
          "metadata": {}
        },
        {
          "output_type": "display_data",
          "data": {
            "text/plain": [
              "<IPython.core.display.Javascript object>"
            ],
            "application/javascript": [
              "\n",
              "    async function download(id, filename, size) {\n",
              "      if (!google.colab.kernel.accessAllowed) {\n",
              "        return;\n",
              "      }\n",
              "      const div = document.createElement('div');\n",
              "      const label = document.createElement('label');\n",
              "      label.textContent = `Downloading \"${filename}\": `;\n",
              "      div.appendChild(label);\n",
              "      const progress = document.createElement('progress');\n",
              "      progress.max = size;\n",
              "      div.appendChild(progress);\n",
              "      document.body.appendChild(div);\n",
              "\n",
              "      const buffers = [];\n",
              "      let downloaded = 0;\n",
              "\n",
              "      const channel = await google.colab.kernel.comms.open(id);\n",
              "      // Send a message to notify the kernel that we're ready.\n",
              "      channel.send({})\n",
              "\n",
              "      for await (const message of channel.messages) {\n",
              "        // Send a message to notify the kernel that we're ready.\n",
              "        channel.send({})\n",
              "        if (message.buffers) {\n",
              "          for (const buffer of message.buffers) {\n",
              "            buffers.push(buffer);\n",
              "            downloaded += buffer.byteLength;\n",
              "            progress.value = downloaded;\n",
              "          }\n",
              "        }\n",
              "      }\n",
              "      const blob = new Blob(buffers, {type: 'application/binary'});\n",
              "      const a = document.createElement('a');\n",
              "      a.href = window.URL.createObjectURL(blob);\n",
              "      a.download = filename;\n",
              "      div.appendChild(a);\n",
              "      a.click();\n",
              "      div.remove();\n",
              "    }\n",
              "  "
            ]
          },
          "metadata": {}
        },
        {
          "output_type": "display_data",
          "data": {
            "text/plain": [
              "<IPython.core.display.Javascript object>"
            ],
            "application/javascript": [
              "download(\"download_7d8a2b0b-4c14-4adb-bf93-28f4648224fe\", \"60to3_withimportance.npy\", 4448)"
            ]
          },
          "metadata": {}
        }
      ]
    },
    {
      "cell_type": "code",
      "source": [
        "WtW = torch.einsum('sih,soh->sio', WA, WA).cpu()"
      ],
      "metadata": {
        "id": "GuaQb1Fxjgc3"
      },
      "execution_count": 33,
      "outputs": []
    },
    {
      "cell_type": "code",
      "source": [
        "import plotly.express as px\n",
        "\n",
        "fig = px.imshow(WtW[5], color_continuous_scale='RdBu_r')\n",
        "fig.show()"
      ],
      "metadata": {
        "id": "PIDpzfHpjkPU",
        "outputId": "e972b5f1-8921-437a-d696-ce5c83085c5d",
        "colab": {
          "base_uri": "https://localhost:8080/",
          "height": 542
        }
      },
      "execution_count": 34,
      "outputs": [
        {
          "output_type": "display_data",
          "data": {
            "text/html": [
              "<html>\n",
              "<head><meta charset=\"utf-8\" /></head>\n",
              "<body>\n",
              "    <div>            <script src=\"https://cdnjs.cloudflare.com/ajax/libs/mathjax/2.7.5/MathJax.js?config=TeX-AMS-MML_SVG\"></script><script type=\"text/javascript\">if (window.MathJax) {MathJax.Hub.Config({SVG: {font: \"STIX-Web\"}});}</script>                <script type=\"text/javascript\">window.PlotlyConfig = {MathJaxConfig: 'local'};</script>\n",
              "        <script src=\"https://cdn.plot.ly/plotly-2.8.3.min.js\"></script>                <div id=\"b8d02b67-bc70-45fc-ad0c-4ab627a43368\" class=\"plotly-graph-div\" style=\"height:525px; width:100%;\"></div>            <script type=\"text/javascript\">                                    window.PLOTLYENV=window.PLOTLYENV || {};                                    if (document.getElementById(\"b8d02b67-bc70-45fc-ad0c-4ab627a43368\")) {                    Plotly.newPlot(                        \"b8d02b67-bc70-45fc-ad0c-4ab627a43368\",                        [{\"coloraxis\":\"coloraxis\",\"name\":\"0\",\"z\":[[9.652171866036952e-05,-1.6477000826853327e-05,4.306050868763123e-06,-1.72986947291065e-05,3.680791996885091e-05,-1.3455241060000844e-05,-1.3415417015494313e-05,-7.45764045859687e-05,-8.839801353133225e-07,-0.006231490056961775,-6.918634608155116e-05,-0.004089438356459141,5.3412782108352985e-06,-6.465323622251162e-06,-3.082174953306094e-05,0.004145409911870956,-0.005839393939822912,0.003420800669118762,-3.6151504900772125e-05,4.720117885881336e-06,2.5625624402891845e-05,-4.406687367008999e-05,1.2242315278854221e-05,-2.573033816588577e-05,1.2321040230744984e-05,-5.09168376083835e-06,-0.010924755595624447,0.004740240518003702,-5.440841960080434e-06,-2.1509792986762477e-06,-1.697594598226715e-05,-0.003344107186421752,1.3678230743607855e-06,-1.356993834633613e-05,-2.808036697388161e-05,4.767088103108108e-05,-2.6944195269607008e-05,-4.57260430266615e-05,0.01086653396487236,0.00631383853033185,2.85788337350823e-05,-4.216912930132821e-05,-1.49788502312731e-05,2.1529984223889187e-05,-1.9332337615196593e-05,-1.8661301510292105e-05,1.572922155901324e-05,-1.7188674974022433e-05,3.0424163924180903e-05,-1.624517244636081e-05,4.3519848986761644e-06,3.733022458618507e-05,0.005938203539699316,3.606060636229813e-05,-1.970073026313912e-05,-2.3452064851881005e-05,-1.1296586990283686e-06,-3.187614538546768e-06,3.154232035740279e-05,-0.004654223565012217],[-1.6477000826853327e-05,2.6585599698591977e-05,1.3880874575988855e-05,-3.79165885533439e-06,1.8226530755782733e-06,-1.1421186172810849e-05,1.412509664078243e-05,1.7935875803232193e-05,-9.714841326058377e-06,-0.003431839868426323,2.4870478227967396e-05,0.005057401955127716,2.2671699753118446e-06,2.4059298084466718e-05,7.236739747895626e-06,-0.005101648159325123,3.13496493618004e-05,-0.004711005836725235,1.592489206814207e-05,-1.6832313121994957e-05,4.2354771721875295e-05,2.8456365726015065e-06,3.1415303965331987e-05,1.0173478585784324e-05,-1.860161682998296e-05,1.903812062664656e-06,0.002636055927723646,0.0004924762179143727,-4.39238556282362e-06,-2.5723735234350897e-05,-3.805206461038324e-06,0.004699158947914839,-1.1106312740594149e-05,6.7252917688165326e-06,1.410253480571555e-05,-3.2515117709408514e-07,1.4053312952455599e-05,1.9033439457416534e-05,-0.0026120527181774378,0.0034487242810428143,3.2012617339205462e-06,2.7948766728513874e-05,-2.9360971893765964e-05,-3.0110641091596335e-05,1.9822791728074662e-06,-1.073738076229347e-05,-2.511695674911607e-05,1.6024603610276245e-05,-1.5587460438837297e-05,-9.176103048957884e-06,2.7425774078437826e-06,-2.852250327123329e-05,-2.554048660385888e-05,1.725139190966729e-05,-7.099609774741111e-06,1.436143065802753e-05,-1.926008189911954e-05,2.7305441108183004e-05,-2.156187292712275e-05,-0.0005369994905777276],[4.306050868763123e-06,1.3880874575988855e-05,1.2956778846273664e-05,3.7257320855133003e-06,8.933247386266885e-07,4.032621745864162e-06,2.2990939214651007e-06,-2.009321406148956e-06,-8.948221875471063e-06,-0.0030387723818421364,1.785390850272961e-05,0.0035387715324759483,6.093059710110538e-06,7.87454700912349e-06,6.4527462200203445e-06,-0.00353841669857502,0.0009391979547217488,-0.0011293577263131738,-4.176901256869314e-06,-2.527066953916801e-06,3.707319046952762e-05,1.5340942809416447e-06,2.5586767151253298e-05,-2.2282397367234807e-06,-1.2222878467582632e-05,3.676237156469142e-06,-0.00015964958583936095,0.0029110282193869352,-9.58941200224217e-06,-1.2533469998743385e-05,-7.611351520608878e-06,0.0011312210699543357,-5.717552539863391e-06,1.5958970834617503e-05,7.69837606640067e-06,9.908532092595124e-07,5.010391305404482e-06,2.0872939785476774e-06,0.0001679783163126558,0.003089356468990445,2.9762186386506073e-06,1.773677286109887e-05,-2.949165354948491e-05,-1.7787924662115984e-05,7.096892204572214e-06,1.522314391877444e-06,-1.4071053556108382e-05,1.5593313946737908e-05,1.3062276593700517e-05,-1.8718397768680006e-05,-8.372221600438934e-06,-6.613252480747178e-06,-0.0009286498534493148,2.1504107280634344e-05,-3.374235120645608e-06,9.005764695757534e-06,-1.9556695406208746e-05,2.34794551943196e-05,-9.23373499972513e-06,-0.0029314595740288496],[-1.72986947291065e-05,-3.79165885533439e-06,3.7257320855133003e-06,2.4789282178971916e-05,-2.2010824977769516e-05,3.6196994187776e-05,-1.09707561932737e-05,7.582290891150478e-06,-3.5468510759528726e-06,0.002399599412456155,3.823113001999445e-05,0.001877708942629397,7.063547855068464e-06,-1.8967168216477148e-05,2.0092964405193925e-05,-0.0018340044189244509,0.005423008929938078,0.0034298403188586235,-1.5872627045609988e-05,1.9979785065515898e-05,-1.3787855550617678e-06,2.3809814592823386e-05,-1.5400664779008366e-06,-7.631565495103132e-06,-3.5420098356553353e-06,8.093598808045499e-06,0.001404321170412004,0.0031261167023330927,-1.1413337233534548e-05,1.6031910490710288e-05,-1.3076833056402393e-06,-0.0034492542035877705,4.912783879262861e-06,3.287454092060216e-05,9.775702892511617e-06,-2.4347305952687748e-05,3.062159294131561e-06,-1.3404116998572135e-06,-0.0013926633400842547,-0.0023593399673700333,-1.4886866665619891e-05,1.7365253370371647e-05,-9.306162610300817e-06,-2.0676593521784525e-06,2.390100053162314e-05,3.226484477636404e-05,1.3003269714317867e-06,1.8382008420303464e-05,3.8892980228411034e-05,-1.805570354918018e-05,-2.626864988997113e-05,1.1809172065113671e-05,-0.005465000402182341,-5.117184400660335e-07,1.5506557247135788e-05,9.69174834608566e-06,-1.1542253560037352e-05,9.377888090966735e-06,-2.652796183610917e-06,-0.0031466169748455286],[3.680791996885091e-05,1.8226530755782733e-06,8.933247386266885e-07,-2.2010824977769516e-05,2.5497327442280948e-05,-2.9632852601935156e-05,5.562698788708076e-06,-2.3808428522897884e-05,6.122951958786871e-07,-0.003914101980626583,-4.151822213316336e-05,-0.0016524243401363492,-2.7963781121798092e-06,1.4389525858859997e-05,-2.1113421098561957e-05,0.0016328312922269106,-0.005276670213788748,-0.0020073470659554005,2.527291144360788e-06,-1.4460175407293718e-05,1.478257490816759e-05,-2.8071675842511468e-05,9.355463589599822e-06,-8.095024099930015e-07,3.0616201911470853e-06,-6.545752512465697e-06,-0.0036810925230383873,-0.0006299077067524195,5.327452527126297e-06,-1.5183859431999736e-05,-4.613285909726983e-06,0.0020405431278049946,-4.560632078209892e-06,-2.468927596055437e-05,-1.2431000868673436e-05,2.9853377782274038e-05,-7.658490176254418e-06,-9.397841495228931e-06,0.0036602288018912077,0.003913748078048229,1.860893826233223e-05,-1.9413693735259585e-05,-2.6384184366179397e-06,2.9824709599779453e-06,-2.112618130922783e-05,-2.8423068215488456e-05,-1.618397362790347e-07,-1.4701474356115796e-05,-1.9394703485886566e-05,5.883380254090298e-06,1.9095377865596674e-05,-1.4177269349602284e-06,0.005333919543772936,1.3382313227339182e-05,-1.7053631381713785e-05,-1.1000117410731036e-05,4.384814928926062e-06,-2.965790372400079e-06,7.566402473457856e-06,0.0006615208694711328],[-1.3455241060000844e-05,-1.1421186172810849e-05,4.032621745864162e-06,3.6196994187776e-05,-2.9632852601935156e-05,5.498020982486196e-05,-2.0101930203964002e-05,8.823843131722242e-07,-4.016009370388929e-06,0.003473930759355426,4.6757693780818954e-05,0.0016546694096177816,1.0909038792306092e-05,-3.292342444183305e-05,2.6027228159364313e-05,-0.001576101640239358,0.007572761736810207,0.0062461309134960175,-3.01936252071755e-05,3.319791721878573e-05,-5.638063612423139e-06,3.0889503250364214e-05,-5.682541541318642e-06,-1.5776853615534492e-05,-1.2892232916783541e-06,1.1411730156396516e-05,0.0005717829917557538,0.005156143568456173,-1.7180069335154258e-05,2.7817719455924816e-05,-3.2161678973352537e-06,-0.006265575531870127,9.217363185598515e-06,4.7256813559215516e-05,9.705017873784527e-06,-3.169264527969062e-05,-3.1552272616863775e-07,-9.703659088700078e-06,-0.0005639014416374266,-0.003406827338039875,-1.994232297874987e-05,1.762955253070686e-05,-1.1308230568829458e-05,3.623014436016092e-06,3.3782660466386005e-05,4.838185486732982e-05,7.358120910794241e-06,2.3586882889503613e-05,6.433394446503371e-05,-2.7659845727612264e-05,-3.9653077692491934e-05,2.6042947865789756e-05,-0.00762660289183259,5.007358367947745e-07,2.2399768567993306e-05,1.0031380043074023e-05,-1.4713996279169805e-05,9.791528100322466e-06,2.535334715503268e-06,-0.0051713986322283745],[-1.3415417015494313e-05,1.412509664078243e-05,2.2990939214651007e-06,-1.09707561932737e-05,5.562698788708076e-06,-2.0101930203964002e-05,1.2830792002205271e-05,1.5138080925680697e-05,-1.4938663071006886e-06,-0.001375676947645843,1.1558021242308314e-06,0.0015321988612413406,-3.6796200220123865e-06,1.9222496121074073e-05,-2.396684294581064e-06,-0.0015794832725077868,-0.0017472051549702883,-0.003984879702329636,1.9800934751401655e-05,-1.6880721886991523e-05,1.1358091796864755e-05,-3.5917469176638406e-06,9.832004252530169e-06,1.1825160072476137e-05,-6.879210104671074e-06,-2.5635320071160095e-06,0.0020719231106340885,-0.002211782382801175,5.14730209033587e-06,-1.686610448814463e-05,2.1893260964134242e-06,0.003977532032877207,-6.653159289271571e-06,-1.197348228743067e-05,4.79670416098088e-06,4.146329047216568e-06,7.987668141140603e-06,1.516156225989107e-05,-0.0020594701636582613,0.0013473191065713763,3.835591996903531e-06,8.240955139626749e-06,-3.146964672851027e-06,-1.3260903870104812e-05,-8.131787581078243e-06,-1.6986430637189187e-05,-1.2216409231768921e-05,-7.264242185556213e-07,-3.037273017980624e-05,8.647430149721913e-06,1.3540807231038343e-05,-2.2403219190891832e-05,0.0017538024112582207,2.6239422368234955e-07,-7.033244401100092e-06,4.147235358686885e-06,-7.823204555279517e-07,5.458721261675237e-06,-1.163252818514593e-05,0.0021918355487287045],[-7.45764045859687e-05,1.7935875803232193e-05,-2.009321406148956e-06,7.582290891150478e-06,-2.3808428522897884e-05,8.823843131722242e-07,1.5138080925680697e-05,5.969814446871169e-05,-6.06486523224703e-08,0.003828774904832244,4.98831614095252e-05,0.0035954853519797325,-5.373981366574299e-06,1.2986113688384648e-05,2.0951740225427784e-05,-0.003655885811895132,0.003406916745007038,-0.004172120243310928,3.433261736063287e-05,-1.0701093742682133e-05,-1.3154984117136337e-05,2.9847455152776092e-05,-4.335432549851248e-06,2.3455057089449838e-05,-1.18222169476212e-05,2.5327858566015493e-06,0.008682644926011562,-0.004323713015764952,6.065384695830289e-06,-5.846074145665625e-06,1.301011252508033e-05,0.004114294424653053,-3.888937499141321e-06,4.547962817014195e-06,2.212610525020864e-05,-3.216283585061319e-05,2.2688695025863126e-05,3.917089634342119e-05,-0.008635717444121838,-0.0038995184004306793,-1.8684666429180652e-05,3.370685953996144e-05,9.168074939225335e-06,-2.1179657778702676e-05,1.0279285561409779e-05,5.932094154559309e-06,-1.6575620975345373e-05,1.2005732060060836e-05,-3.4797791158780456e-05,1.5239743333950173e-05,2.7360788408259396e-06,-3.635272150859237e-05,-0.0034744085278362036,-2.5478990210103802e-05,1.0969143659167457e-05,1.855260597949382e-05,3.731757374225708e-07,4.7509902287856676e-06,-2.7566724384087138e-05,0.004253670573234558],[-8.839801353133225e-07,-9.714841326058377e-06,-8.948221875471063e-06,-3.5468510759528726e-06,6.122951958786871e-07,-4.016009370388929e-06,-1.4938663071006886e-06,-6.06486523224703e-08,6.241715709620621e-06,0.0019203388364985585,-1.4501114492304623e-05,-0.0025549873244017363,-4.302958586777095e-06,-4.989917215425521e-06,-5.513665655598743e-06,0.002554434584453702,-0.0008952122298069298,0.0007367649814113975,2.7248854621575447e-06,1.2535583664430305e-06,-2.504501026123762e-05,-2.4527071218471974e-06,-1.7358453987981193e-05,1.32384025164356e-06,8.712233466212638e-06,-2.8412018764356617e-06,-0.00010982708045048639,-0.002012707060202956,6.829346602899022e-06,8.135896678140853e-06,4.993579750589561e-06,-0.0007362357573583722,3.817814558715327e-06,-1.2129613423894625e-05,-6.0348033912305254e-06,7.901031722212792e-07,-3.977606411353918e-06,-2.152122306142701e-06,0.0001028087135637179,-0.0019549173302948475,-1.1570945162020507e-06,-1.3387287253863178e-05,2.0305460566305555e-05,1.2651259567064699e-05,-5.8747064031194896e-06,-2.263969008708955e-06,9.903543286782224e-06,-1.152941240434302e-05,-9.580967343936209e-06,1.3119090908730868e-05,6.571870926563861e-06,4.832636477658525e-06,0.0008907670853659511,-1.4185896361595951e-05,1.5598336631228449e-06,-6.855618721601786e-06,1.3761530681222212e-05,-1.6470583432237618e-05,6.94753316565766e-06,0.0020287595689296722],[-0.006231490056961775,-0.003431839868426323,-0.0030387723818421364,0.002399599412456155,-0.003914101980626583,0.003473930759355426,-0.001375676947645843,0.003828774904832244,0.0019203388364985585,1.2524592876434326,0.002007941948249936,-0.5594750046730042,-0.000942695012781769,-0.003928695805370808,0.0016219414537772536,0.5624380707740784,0.5610921382904053,0.5606673359870911,0.0004822449991479516,0.00273202289827168,-0.010485116392374039,0.0037348163314163685,-0.007122655399143696,0.0005639902665279806,0.0023222616873681545,0.00013583576946984977,0.5593603849411011,-0.5505779385566711,0.0013523867819458246,0.005075888242572546,0.0023612668737769127,-0.5658561587333679,0.001968581695109606,5.408600554801524e-05,5.5223539675353095e-05,-0.004560108296573162,-4.7893699957057834e-05,0.0008265211945399642,-0.5582593679428101,-1.2636033296585083,-0.003375791246071458,-0.0011957226088270545,0.006995148491114378,0.003606990911066532,0.0015047587221488357,0.003846963169053197,0.003225694876164198,-0.0013587231514975429,1.6671483535901643e-05,0.0032994637731462717,-0.0009491696837358177,0.0017831677105277777,-0.571766197681427,-0.006749887019395828,0.003253786126151681,-0.0004415652947500348,0.0037452145479619503,-0.004848869983106852,0.0010222685523331165,0.5506625175476074],[-6.918634608155116e-05,2.4870478227967396e-05,1.785390850272961e-05,3.823113001999445e-05,-4.151822213316336e-05,4.6757693780818954e-05,1.1558021242308314e-06,4.98831614095252e-05,-1.4501114492304623e-05,0.002007941948249936,0.00010088333510793746,0.008883277885615826,1.1244853340031113e-05,-3.087385948674637e-06,4.5775497710565105e-05,-0.00887689646333456,0.009782856330275536,-0.0004295777762308717,2.019864268731908e-06,1.212641473102849e-05,3.1904910429148003e-05,5.0802216719603166e-05,2.4806009605526924e-05,5.782881089544389e-06,-2.6878658900386654e-05,1.5382196579594165e-05,0.007754308637231588,0.00380698055960238,-1.978163891180884e-05,-4.780848144037009e-07,-8.520220831087499e-07,0.00036734886816702783,-3.857042429444846e-06,5.948634134256281e-05,3.627098340075463e-05,-5.0172202463727444e-05,2.587415474408772e-05,2.9459784855134785e-05,-0.007697062101215124,-0.0019546831026673317,-2.7207515813643113e-05,6.506779027404264e-05,-3.8232501538004726e-05,-3.848223059321754e-05,4.309860378270969e-05,4.3023301259381697e-05,-2.6950776373269036e-05,4.791356695932336e-05,3.4312666684854776e-05,-3.130030745523982e-05,-3.779779217438772e-05,-2.0681580281234346e-05,-0.00986788421869278,5.818450517836027e-06,2.1827110685990192e-05,3.5087748983642086e-05,-3.5662214941112325e-05,4.148032166995108e-05,-3.387065589777194e-05,-0.0039052681531757116],[-0.004089438356459141,0.005057401955127716,0.0035387715324759483,0.001877708942629397,-0.0016524243401363492,0.0016546694096177816,0.0015321988612413406,0.0035954853519797325,-0.0025549873244017363,-0.5594750046730042,0.008883277885615826,1.2594600915908813,0.001431217766366899,0.002843923168256879,0.003490129951387644,-1.2629066705703735,0.564437747001648,-0.5558407306671143,0.0009616126189939678,-0.0011783411027863622,0.009466887451708317,0.0027659288607537746,0.006848837248980999,0.0008733324939385056,-0.004271719604730606,0.0013056257739663124,0.5639367699623108,0.5611289143562317,-0.0024190207477658987,-0.003700396977365017,-0.0012628630502149463,0.5521795153617859,-0.0018020605202764273,0.00520027382299304,0.003786024870350957,-0.0022234180942177773,0.0029853719752281904,0.003231429262086749,-0.5582630634307861,0.5693431496620178,-0.0006291295867413282,0.007481798529624939,-0.00775291258469224,-0.006447266787290573,0.0029935482889413834,0.0012447417248040438,-0.005050174426287413,0.005418724846094847,0.0017905213171616197,-0.004436298739165068,-0.0024957924615591764,-0.004172208718955517,-0.5666153430938721,0.004280918277800083,8.808523830339254e-07,0.0039079156704247,-0.0055983890779316425,0.007017333526164293,-0.0044943057000637054,-0.5718769431114197],[5.3412782108352985e-06,2.2671699753118446e-06,6.093059710110538e-06,7.063547855068464e-06,-2.7963781121798092e-06,1.0909038792306092e-05,-3.6796200220123865e-06,-5.373981366574299e-06,-4.302958586777095e-06,-0.000942695012781769,1.1244853340031113e-05,0.001431217766366899,4.746633749164175e-06,-3.4303432130400324e-06,5.3849885262025055e-06,-0.0014129545306786895,0.0013988367281854153,0.0009332817862741649,-9.532851436233614e-06,5.463116394821554e-06,1.5098841686267406e-05,3.5169232432963327e-06,9.742022484715562e-06,-5.434799277281854e-06,-4.238194833305897e-06,3.2291504794557113e-06,-0.0006525169010274112,0.0023968378081917763,-7.283522791112773e-06,1.1176678071933566e-07,-4.656639703171095e-06,-0.0009312696056440473,-4.4283322608862363e-07,1.4138759070192464e-05,3.022699047505739e-06,-2.447839733576984e-06,1.8616091779222188e-07,-3.8941284401516896e-06,0.0006535283173434436,0.000980174751020968,-7.096981562426663e-07,7.5227549132250715e-06,-1.4593170817533974e-05,-4.919540060654981e-06,7.806143912603147e-06,8.37213246995816e-06,-3.1421304811374284e-06,9.379077710036654e-06,1.897203765111044e-05,-1.3486957868735772e-05,-1.0347459465265274e-05,4.615383659256622e-06,-0.0013983899261802435,1.0807139915414155e-05,1.574864540998533e-06,3.889760137099074e-06,-1.0453268259880133e-05,1.0801531971083023e-05,-1.1349860642440035e-06,-0.00240218173712492],[-6.465323622251162e-06,2.4059298084466718e-05,7.87454700912349e-06,-1.8967168216477148e-05,1.4389525858859997e-05,-3.292342444183305e-05,1.9222496121074073e-05,1.2986113688384648e-05,-4.989917215425521e-06,-0.003928695805370808,-3.087385948674637e-06,0.002843923168256879,-3.4303432130400324e-06,3.197054684278555e-05,-6.4429973463120405e-06,-0.0029113865457475185,-0.0033652721904218197,-0.006191358435899019,2.532143480493687e-05,-2.6997808163287118e-05,3.206763358321041e-05,-1.1604610335780308e-05,2.4539451260352507e-05,1.460465500713326e-05,-1.2616103049367666e-05,-3.8052717172831763e-06,0.0017068835441023111,-0.0020515918731689453,4.7934267968230415e-06,-3.072499384870753e-05,-1.0319032526240335e-06,0.006191082298755646,-1.2017792869301047e-05,-1.665096169745084e-05,5.7867378018272575e-06,1.3704073353437707e-05,1.0303436283720657e-05,1.8275804904988036e-05,-0.0016929918201640248,0.003909142222255468,1.1031818758056033e-05,1.2057457752234768e-05,-1.5329544112319127e-05,-2.3038652216200717e-05,-1.3788219803245738e-05,-2.938344368885737e-05,-2.1168973034946248e-05,7.018727501417743e-07,-4.0571223507868126e-05,6.316822691587731e-06,1.9939401681767777e-05,-3.229778667446226e-05,0.0033928377088159323,1.1518965038703755e-05,-1.4983907931309659e-05,5.771559244749369e-06,-6.824450338172028e-06,1.4765958439966198e-05,-1.6639854948152788e-05,0.0020263439510017633],[-3.082174953306094e-05,7.236739747895626e-06,6.4527462200203445e-06,2.0092964405193925e-05,-2.1113421098561957e-05,2.6027228159364313e-05,-2.396684294581064e-06,2.0951740225427784e-05,-5.513665655598743e-06,0.0016219414537772536,4.5775497710565105e-05,0.003490129951387644,5.3849885262025055e-06,-6.4429973463120405e-06,2.158125971618574e-05,-0.003477304009720683,0.0049231527373194695,0.0007620247779414058,-2.628935362736229e-06,9.615441740606911e-06,8.30154021969065e-06,2.48416508839e-05,6.6475449784775265e-06,5.848536375197e-07,-9.906782906909939e-06,7.430407094943803e-06,0.0032964341808110476,0.0019186545396223664,-9.337689334643073e-06,4.8262586460623425e-06,8.079206281763618e-08,-0.0007904780795797706,2.4592404201939644e-07,2.894696626754012e-05,1.5389599866466597e-05,-2.4968376237666234e-05,1.0089732313645072e-05,1.0676148122001905e-05,-0.003272685222327709,-0.0015968579100444913,-1.4171575458021834e-05,2.719721851462964e-05,-1.3970590771350544e-05,-1.3439318536256906e-05,2.141275217582006e-05,2.3905975467641838e-05,-8.604020877100993e-06,2.1124367776792496e-05,2.1092366296215914e-05,-1.4440274753724225e-05,-1.9843999325530604e-05,-4.415374405652983e-06,-0.004966476000845432,6.352108528062672e-08,1.231282021763036e-05,1.4796898540225811e-05,-1.4463450497714803e-05,1.578780029376503e-05,-1.2632437574211508e-05,-0.001958967885002494],[0.004145409911870956,-0.005101648159325123,-0.00353841669857502,-0.0018340044189244509,0.0016328312922269106,-0.001576101640239358,-0.0015794832725077868,-0.003655885811895132,0.002554434584453702,0.5624380707740784,-0.00887689646333456,-1.2629066705703735,-0.0014129545306786895,-0.0029113865457475185,-0.003477304009720683,1.2665339708328247,-0.5573090314865112,0.5702216029167175,-0.001040279516018927,0.001240597921423614,-0.009483658708631992,-0.002752284286543727,-0.006868080701678991,-0.0009202233632095158,0.004289589822292328,-0.0012934975093230605,-0.5721403360366821,-0.5506355166435242,0.002392782364040613,0.0037555221933871508,0.0012489239452406764,-0.5665295720100403,0.0018233217997476459,-0.005144230090081692,-0.003799502970650792,0.0022095032036304474,-0.003012760542333126,-0.00328842387534678,0.5664240121841431,-0.5721619725227356,0.0006173251895233989,-0.007501696236431599,0.007744089234620333,0.0064856563694775105,-0.002958305412903428,-0.0011798219056800008,0.005087047349661589,-0.005405588541179895,-0.001665826770476997,0.004390251822769642,0.002438850002363324,0.00425329152494669,0.5594712495803833,-0.004266215953975916,2.2955700842430815e-05,-0.00391792505979538,0.005587802734225988,-0.00702183460816741,0.004532676190137863,0.5614469051361084],[-0.005839393939822912,3.13496493618004e-05,0.0009391979547217488,0.005423008929938078,-0.005276670213788748,0.007572761736810207,-0.0017472051549702883,0.003406916745007038,-0.0008952122298069298,0.5610921382904053,0.009782856330275536,0.564437747001648,0.0013988367281854153,-0.0033652721904218197,0.0049231527373194695,-0.5573090314865112,1.2435853481292725,0.5564780235290527,-0.0022719556000083685,0.0037424659822136164,-3.096574801020324e-05,0.00588171137496829,6.361779014696367e-06,-0.0008777685579843819,-0.001323133590631187,0.0018166754161939025,0.5601453185081482,0.5617524981498718,-0.00233799428679049,0.0029000400099903345,2.2493654796562623e-06,-0.5622711777687073,0.0007889148546382785,0.007216906640678644,0.0028526531532406807,-0.006020041648298502,0.00143603072501719,0.0009930027881637216,-0.5561126470565796,-0.5540956258773804,-0.0036073513329029083,0.004964425228536129,-0.0021637168247252703,-0.0014133070362731814,0.005385164171457291,0.00687466561794281,-0.0005062897107563913,0.00445311376824975,0.007169549819082022,-0.003585000056773424,-0.005487492773681879,0.0011752997525036335,-1.2541